  0.10714300000000000       0.60306999999999999                0
   9.3317999999999998E-002  0.64985400000000004                0
   9.7926299999999994E-002  0.70540899999999995                0
  0.15553000000000000       0.78435699999999997                0
  0.21082899999999999       0.86622800000000000                0
  0.32834099999999999       0.92909399999999998                0
  0.42972399999999999       0.93494200000000005                0
  0.62096799999999996       0.93494200000000005                0
  0.75691200000000003       0.91008800000000001                0
  0.81912399999999996       0.87938600000000000                0
  0.80990799999999996       0.83698799999999995                0
  0.75000000000000000       0.81944399999999995                0
  0.77304099999999998       0.85453199999999996                0
  0.77073700000000001       0.88961999999999997                0
  0.76612899999999995       0.89985400000000004                0
  0.77995400000000004       0.83552599999999999                0
  0.75000000000000000       0.79166700000000001                0
  0.76152100000000000       0.76535100000000000                0
  0.81451600000000002       0.83260199999999995                0
  0.81451600000000002       0.88523399999999997                0
  0.56336399999999998       0.92178400000000005                0
  0.49424000000000001       0.89985400000000004                0
  0.48041499999999998       0.86330399999999996                0
  0.44815700000000003       0.81944399999999995                0
  0.42511500000000002       0.85745600000000000                0
  0.45046100000000000       0.89985400000000004                0
  0.51036899999999996       0.93786499999999995                0
  0.49884800000000001       0.94517499999999999                0
  0.35138200000000003       0.93494200000000005                0
  0.27304099999999998       0.90131600000000001                0
  0.23387100000000000       0.86184200000000000                0
  0.21543799999999999       0.85891799999999996                0
  0.13479300000000000       0.86184200000000000                0
   7.4884800000000001E-002  0.87207599999999996                0
   5.8755799999999997E-002  0.87207599999999996                0
  0.10023000000000000       0.83845000000000003                0
  0.12096800000000001       0.83113999999999999                0
  0.13248799999999999       0.81359599999999999                0
  0.13709700000000000       0.77412300000000001                0
  0.11635900000000000       0.74926899999999996                0
  0.10483900000000000       0.72733899999999996                0
  0.10714300000000000       0.69956099999999999                0
   9.1013800000000006E-002  0.65424000000000004                0
   6.7972400000000002E-002  0.63377200000000000                0
   6.7972400000000002E-002  0.62353800000000004                0
   9.3317999999999998E-002  0.58552599999999999                0
  0.16244200000000000       0.57967800000000003                0
  0.17857100000000001       0.59575999999999996                0
  0.14400900000000000       0.64254400000000000                0
  0.10944700000000000       0.64546800000000004                0
  0.14631300000000000       0.70394699999999999                1
  0.14861800000000000       0.74195900000000004                1
  0.16013800000000000       0.77704700000000004                1
  0.12327200000000001       0.79166700000000001                1
  0.10483900000000000       0.81505799999999995                1
   8.1797200000000000E-002  0.82382999999999995                1
   5.8755799999999997E-002  0.88231000000000004                1
   9.5622100000000002E-002  0.89400599999999997                1
  0.14400900000000000       0.88961999999999997                1
  0.16935500000000001       0.86476600000000003                1
  0.16474700000000000       0.84429799999999999                1
  0.11866400000000001       0.83991199999999999                1
  0.16244200000000000       0.88377200000000000                1
  0.23617500000000000       0.89985400000000004                1
  0.27765000000000001       0.93640400000000001                1
  0.29838700000000001       0.95540899999999995                1
  0.33755800000000002       0.96125700000000003                1
  0.34216600000000003       0.95833299999999999                1
  0.29377900000000001       0.93347999999999998                1
  0.25921699999999998       0.92470799999999997                1
  0.25230399999999997       0.94225099999999995                1
  0.21313399999999999       0.92178400000000005                1
  0.20391699999999999       0.89108200000000004                1
  0.19239600000000001       0.88084799999999996                1
  0.36290299999999998       0.96125700000000003                1
  0.41820299999999999       0.96418099999999995                1
  0.42972399999999999       0.96710499999999999                1
  0.39055299999999998       0.94225099999999995                1
  0.39055299999999998       0.93640400000000001                1
  0.41820299999999999       0.92324600000000001                1
  0.41359400000000002       0.90131600000000001                1
  0.41128999999999999       0.88815800000000000                1
  0.45737299999999997       0.86476600000000003                1
  0.46659000000000000       0.84868399999999999                1
  0.50806499999999999       0.90716399999999997                1
  0.52188900000000005       0.92763200000000001                1
  0.43433200000000000       0.93347999999999998                1
  0.44815700000000003       0.95833299999999999                1
  0.46428599999999998       0.97295299999999996                1
  0.50806499999999999       0.95687100000000003                1
  0.52419400000000005       0.93494200000000005                1
  0.56797200000000003       0.92763200000000001                1
  0.58640599999999998       0.95540899999999995                1
  0.59101400000000004       0.95833299999999999                1
  0.62557600000000002       0.95248500000000003                1
  0.66244199999999998       0.94956099999999999                1
  0.69009200000000004       0.93640400000000001                1
  0.68318000000000001       0.92324600000000001                1
  0.74078299999999997       0.91886000000000001                1
  0.76612899999999995       0.91447400000000001                1
  0.71543800000000002       0.89254400000000000                1
  0.72926299999999999       0.88961999999999997                1
  0.74539200000000005       0.87500000000000000                1
  0.73847900000000000       0.85014599999999996                1
  0.73847900000000000       0.83991199999999999                1
  0.77995400000000004       0.81652000000000002                1
  0.80530000000000002       0.79897700000000005                1
  0.79608299999999999       0.79020500000000005                1
  0.78225800000000001       0.76388900000000004                1
  0.76612899999999995       0.75657900000000000                1
  0.72004599999999996       0.84283600000000003                1
  0.73847900000000000       0.88961999999999997                1
  0.74078299999999997       0.92324600000000001                1
  0.71543800000000002       0.93932700000000002                1
  0.67626699999999995       0.94078899999999999                1
  0.63709700000000002       0.92178400000000005                1
  0.68087600000000004       0.91593599999999997                1
  0.74078299999999997       0.91593599999999997                1
  0.75691200000000003       0.93786499999999995                1
  0.77764999999999995       0.95102299999999995                1
  0.83294900000000005       0.91886000000000001                1
  0.77995400000000004       0.87207599999999996                1
  0.77764999999999995       0.85306999999999999                1
  0.77073700000000001       0.92617000000000005                1
  0.67165900000000001       0.95540899999999995                1
  0.57488499999999998       0.94663699999999995                1
  0.54493100000000005       0.92909399999999998                1
  0.50345600000000001       0.91447400000000001                1
  0.44354800000000000       0.92324600000000001                1
  0.39055299999999998       0.93055600000000005                1
  0.33755800000000002       0.92617000000000005                1
  0.36981599999999998       0.92324600000000001                1
  0.43663600000000002       0.91008800000000001                1
  0.53571400000000002       0.95979499999999995                1
  0.45737299999999997       0.95979499999999995                1
  0.42281099999999999       0.93932700000000002                1
  0.40898600000000002       0.90570200000000001                1
  0.36751200000000001       0.90862600000000004                1
  0.31451600000000002       0.92032199999999997                1
  0.33294899999999999       0.92470799999999997                1
  0.45737299999999997       0.92324600000000001                1
  0.50806499999999999       0.91447400000000001                1
  0.47350199999999998       0.94956099999999999                1
  0.53801800000000000       0.96271899999999999                1
  0.69700499999999999       0.95540899999999995                1
  0.75000000000000000       0.95102299999999995                1
  0.80069100000000004       0.91301200000000005                1
  0.82373300000000005       0.86476600000000003                1
  0.71082900000000004       0.86184200000000000                1
  0.70161300000000004       0.88669600000000004                1
  0.63709700000000002       0.91008800000000001                1
  0.59331800000000001       0.91739800000000005                1
  0.56336399999999998       0.91739800000000005                1
  0.54032300000000000       0.91008800000000001                1
  0.51036899999999996       0.88377200000000000                1
  0.50115200000000004       0.86330399999999996                1
  0.48041499999999998       0.84137399999999996                1
  0.43202800000000002       0.85599400000000003                1
  0.40437800000000002       0.87646199999999996                1
  0.36520700000000000       0.89839199999999997                1
  0.31451600000000002       0.89839199999999997                1
  0.27765000000000001       0.89546800000000004                1
  0.26382499999999998       0.89108200000000004                1
  0.23617500000000000       0.87500000000000000                1
  0.22234999999999999       0.86038000000000003                1
  0.19470000000000001       0.85014599999999996                1
  0.17165900000000001       0.83406400000000003                1
  0.17626700000000001       0.81944399999999995                1
  0.18318000000000001       0.78728100000000001                1
  0.16013800000000000       0.75365499999999996                1
  0.11175100000000000       0.74780700000000000                1
   8.8709700000000002E-002  0.73903500000000000                1
   9.3317999999999998E-002  0.70102299999999995                1
  0.12557599999999999       0.68347999999999998                1
  0.16244200000000000       0.65424000000000004                1
  0.12787999999999999       0.63084799999999996                1
  0.13479300000000000       0.58845000000000003                1
  0.18548400000000001       0.58845000000000003                1
  0.19239600000000001       0.62500000000000000                1
  0.13248799999999999       0.66447400000000001                1
  0.10023000000000000       0.67032199999999997                1
   7.4884800000000001E-002  0.67178400000000005                1
   7.0276500000000006E-002  0.70540899999999995                1
   9.3317999999999998E-002  0.72149099999999999                1
  0.10023000000000000       0.75219300000000000                1
   6.5668199999999996E-002  0.75950300000000004                1
   8.1797200000000000E-002  0.77412300000000001                1
   9.7926299999999994E-002  0.77412300000000001                1
  0.82142899999999996       0.89693000000000001                1
  0.85829500000000003       0.84575999999999996                1
  0.81451600000000002       0.82090600000000002                1
  0.78917099999999996       0.79897700000000005                1
  0.79147500000000004       0.74926899999999996                1
  0.37212000000000001       0.85160800000000003                1
  0.35138200000000003       0.86330399999999996                1
  0.30530000000000002       0.85453199999999996                1
  0.32373299999999999       0.84137399999999996                1
  0.28917100000000001       0.83406400000000003                1
  0.27765000000000001       0.82967800000000003                1
  0.29377900000000001       0.81067299999999998                1
  0.29838700000000001       0.80190099999999997                1
  0.31681999999999999       0.84137399999999996                1
  0.35368699999999997       0.83406400000000003                1
  0.35368699999999997       0.82382999999999995                1
  0.30530000000000002       0.80482500000000001                1
  0.29147499999999998       0.78435699999999997                1
  0.26152100000000000       0.80043900000000001                1
  0.26843299999999998       0.80043900000000001                1
  0.27073700000000001       0.81652000000000002                1
  0.24769600000000000       0.80628699999999998                1
  0.25921699999999998       0.78143300000000004                1
  0.26152100000000000       0.77850900000000001                1
  0.23387100000000000       0.76242699999999997                1
  0.22926299999999999       0.72587699999999999                1
  0.26612900000000000       0.70687100000000003                1
  0.30299500000000001       0.69663699999999995                1
  0.29377900000000001       0.67909399999999998                1
  0.26843299999999998       0.66154999999999997                1
  0.28225800000000001       0.65277799999999997                1
  0.31221199999999999       0.64400599999999997                1
  0.34907800000000000       0.62646199999999996                1
  0.35138200000000003       0.60599400000000003                1
  0.37903199999999998       0.58113999999999999                1
  0.42050700000000002       0.55336300000000005                1
  0.37903199999999998       0.52997099999999997                1
  0.34677400000000003       0.51827500000000004                1
  0.33755800000000002       0.52558499999999997                1
  0.34677400000000003       0.56505799999999995                1
  0.36059900000000000       0.58406400000000003                1
  0.31912400000000002       0.62061400000000000                1
  0.32834099999999999       0.66886000000000001                1
  0.33525300000000002       0.68201800000000001                1
  0.30760399999999999       0.73026300000000000                1
  0.30530000000000002       0.76388900000000004                1
  0.31912400000000002       0.80921100000000001                1
  0.33525300000000002       0.82090600000000002                1
  0.36059900000000000       0.82821599999999995                1
  0.38824900000000001       0.82236799999999999                1
  0.40437800000000002       0.79897700000000005                1
  0.41359400000000002       0.78874299999999997                1
  0.37442399999999998       0.76827500000000004                1
  0.36520700000000000       0.76535100000000000                1
  0.36751200000000001       0.77704700000000004                1
  0.36981599999999998       0.80043900000000001                0
  0.34677400000000003       0.79897700000000005                0
  0.33294899999999999       0.77997099999999997                0
  0.33294899999999999       0.73903500000000000                0
  0.35829499999999997       0.69078899999999999                0
  0.35368699999999997       0.66154999999999997                0
  0.36751200000000001       0.63961999999999997                0
  0.39516099999999998       0.61768999999999996                0
  0.38594499999999998       0.60891799999999996                0
  0.43894000000000000       0.59137399999999996                0
  0.42281099999999999       0.57236799999999999                0
  0.45046100000000000       0.53435699999999997                0
  0.46428599999999998       0.53874299999999997                0
  0.47119800000000001       0.59137399999999996                0
  0.46198200000000000       0.62938600000000000                0
  0.43663600000000002       0.64839199999999997                0
  0.40668199999999999       0.67617000000000005                0
  0.37442399999999998       0.70248500000000003                0
  0.35829499999999997       0.76242699999999997                0
  0.36751200000000001       0.73903500000000000                0
  0.40668199999999999       0.66739800000000005                0
  0.42281099999999999       0.61184200000000000                0
  0.48502299999999998       0.59868399999999999                0
  0.48041499999999998       0.61476600000000003                0
  0.50806499999999999       0.63231000000000004                0
  0.51497700000000002       0.64985400000000004                0
  0.52649800000000002       0.66008800000000001                0
  0.55875600000000003       0.66739800000000005                0
  0.57488499999999998       0.67470799999999997                0
  0.59331800000000001       0.67617000000000005                0
  0.64170499999999997       0.66154999999999997                0
  0.67857100000000004       0.63961999999999997                0
  0.70391700000000001       0.61622800000000000                0
  0.72695900000000002       0.58698799999999995                0
  0.73847900000000000       0.55774900000000005                0
  0.77995400000000004       0.52850900000000001                0
  0.78917099999999996       0.52704700000000004                0
  0.78456199999999998       0.55628699999999998                0
  0.78456199999999998       0.59722200000000003                0
  0.75000000000000000       0.64254400000000000                0
  0.73847900000000000       0.66154999999999997                0
  0.72926299999999999       0.67324600000000001                0
  0.67857100000000004       0.69371300000000002                0
  0.66474699999999998       0.69663699999999995                0
  0.59101400000000004       0.70687100000000003                0
  0.54953900000000000       0.69225099999999995                0
  0.53110599999999997       0.67470799999999997                0
  0.49424000000000001       0.65424000000000004                0
  0.44124400000000003       0.65277799999999997                0
  0.42741899999999999       0.66886000000000001                0
  0.39746500000000001       0.69809900000000003                0
  0.39746500000000001       0.70248500000000003                0
  0.46659000000000000       0.67617000000000005                0
  0.50806499999999999       0.68201800000000001                0
  0.50806499999999999       0.68494200000000005                0
  0.54723500000000003       0.70540899999999995                0
  0.58410099999999998       0.70979499999999995                0
  0.61175100000000004       0.71418099999999995                0
  0.66935500000000003       0.71125700000000003                0
  0.63479300000000005       0.68347999999999998                0
  0.71082900000000004       0.68494200000000005                0
  0.69239600000000001       0.66447400000000001                0
  0.74769600000000003       0.65570200000000001                0
  0.72926299999999999       0.63231000000000004                0
  0.73617500000000002       0.60745600000000000                0
  0.74308799999999997       0.59429799999999999                0
  0.77304099999999998       0.58260199999999995                0
  0.74769600000000003       0.55336300000000005                0
  0.76152100000000000       0.54312899999999997                0
  0.80760399999999999       0.53728100000000001                0
  0.81221200000000005       0.54605300000000001                0
  0.83064499999999997       0.57675399999999999                0
  0.82373300000000005       0.58552599999999999                0
  0.79377900000000001       0.62500000000000000                0
  0.77764999999999995       0.64108200000000004                0
  0.75691200000000003       0.65277799999999997                0
  0.74078299999999997       0.67178400000000005                0
  0.72235000000000005       0.68640400000000001                0
  0.65783400000000003       0.68640400000000001                0
  0.64400900000000005       0.68640400000000001                0
  0.59331800000000001       0.67470799999999997                0
  0.54032300000000000       0.89985400000000004                0
  0.62327200000000005       0.89546800000000004                0
  0.65092200000000000       0.89108200000000004                0
  0.69239600000000001       0.88231000000000004                0
  0.63940100000000000       0.87792400000000004                0
  0.54953900000000000       0.88669600000000004                0
  0.54032300000000000       0.89254400000000000                0
  0.56566799999999995       0.90862600000000004                0
  0.63248800000000005       0.91593599999999997                0
  0.70391700000000001       0.90716399999999997                0
  0.75000000000000000       0.87500000000000000                0
  0.80530000000000002       0.79312899999999997                0
  0.83755800000000002       0.77997099999999997                0
  0.86751199999999995       0.77558499999999997                0
  0.90437800000000002       0.77266100000000004                0
  0.95276499999999997       0.77412300000000001                0
  0.97580599999999995       0.77704700000000004                0
  0.96889400000000003       0.80190099999999997                0
  0.92741899999999999       0.80336300000000005                0
  0.88133600000000001       0.80043900000000001                0
  0.85138199999999997       0.80628699999999998                0
  0.80760399999999999       0.84575999999999996                0
  0.80069100000000004       0.86622800000000000                0
  0.86059900000000000       0.85014599999999996                0
  0.90898599999999996       0.83698799999999995                0
  0.92050699999999996       0.82675399999999999                0
  0.95506899999999995       0.82236799999999999                0
  0.96658999999999995       0.82236799999999999                0
  0.96889400000000003       0.82090600000000002                0
  0.89746499999999996       0.81944399999999995                0
  0.85138199999999997       0.78874299999999997                0
  0.85138199999999997       0.78581900000000005                0
  0.85599099999999995       0.83991199999999999                0
  0.82834099999999999       0.85014599999999996                0
  0.60023000000000004       0.94078899999999999                0
  0.60023000000000004       0.94078899999999999                0
  0.48271900000000001       0.93055600000000005                0
  0.25460800000000000       0.95102299999999995                0
  0.22695899999999999       0.89985400000000004                0
  0.16013800000000000       0.89108200000000004                0
  0.17626700000000001       0.86038000000000003                0
  0.11175100000000000       0.86622800000000000                0
   7.4884800000000001E-002  0.88523399999999997                0
   5.4147500000000001E-002  0.88377200000000000                0
   4.4930900000000003E-002  0.91447400000000001                0
  0.11175100000000000       0.91301200000000005                0
  0.10483900000000000       0.89693000000000001                0
  0.15322600000000000       0.88523399999999997                0
  0.19930899999999999       0.88377200000000000                0
   6.1059900000000000E-002  0.91154999999999997                0
   5.6451599999999998E-002  0.89693000000000001                1
   7.4884800000000001E-002  0.87938600000000000                1
   9.3317999999999998E-002  0.85891799999999996                1
  0.35368699999999997       0.71418099999999995                1
  0.30990800000000002       0.77412300000000001                1
  0.27073700000000001       0.74488299999999996                1
  0.30069099999999999       0.69809900000000003                1
  0.39285700000000001       0.67324600000000001                1
  0.40437800000000002       0.65424000000000004                1
  0.42050700000000002       0.63815800000000000                1
  0.44585300000000000       0.61622800000000000                1
  0.46428599999999998       0.60453199999999996                1
  0.37442399999999998       0.56359599999999999                1
  0.42511500000000002       0.52850900000000001                1
  0.36981599999999998       0.50950300000000004                1
  0.48041499999999998       0.64254400000000000                1
  0.42972399999999999       0.66886000000000001                1
  0.55414699999999995       0.67909399999999998                1
  0.62096799999999996       0.70540899999999995                1
  0.61635899999999999       0.73903500000000000                1
  0.66244199999999998       0.72295299999999996                1
  0.68318000000000001       0.70540899999999995                1
  0.69239600000000001       0.65131600000000001                1
  0.72004599999999996       0.64108200000000004                1
  0.72695900000000002       0.66739800000000005                1
  0.68087600000000004       0.69517499999999999                1
  0.65552999999999995       0.71125700000000003                1
  0.62096799999999996       0.72295299999999996                1
  0.59101400000000004       0.71856699999999996                1
  0.56797200000000003       0.68786499999999995                1
  0.56797200000000003       0.66154999999999997                1
  0.56566799999999995       0.64839199999999997                1
  0.62787999999999999       0.59137399999999996                1
  0.56336399999999998       0.59575999999999996                1
  0.61866399999999999       0.60014599999999996                1
  0.60714299999999999       0.62207599999999996                1
  0.58870999999999996       0.62061400000000000                1
  0.57718899999999995       0.59429799999999999                1
  0.58410099999999998       0.57675399999999999                1
  0.61175100000000004       0.56652000000000002                1
  0.62327200000000005       0.56213500000000005                1
  0.62327200000000005       0.55774900000000005                1
  0.59792599999999996       0.55482500000000001                1
  0.55414699999999995       0.54751499999999997                1
  0.54493100000000005       0.53581900000000005                1
  0.54493100000000005       0.53289500000000001                1
  0.57027600000000001       0.52850900000000001                1
  0.59562199999999998       0.52704700000000004                1
  0.59792599999999996       0.52704700000000004                1
  0.63018399999999997       0.52997099999999997                1
  0.65783400000000003       0.52997099999999997                1
  0.70391700000000001       0.52704700000000004                1
  0.70622099999999999       0.51681299999999997                1
  0.70161300000000004       0.51096500000000000                0
  0.66474699999999998       0.53581900000000005                0
  0.64400900000000005       0.56359599999999999                0
  0.64400900000000005       0.57529200000000003                0
  0.64400900000000005       0.58845000000000003                0
  0.63709700000000002       0.60745600000000000                0
  0.63479300000000005       0.61622800000000000                0
  0.58870999999999996       0.61915200000000004                0
  0.55184299999999997       0.60745600000000000                0
  0.56106000000000000       0.59429799999999999                0
  0.57718899999999995       0.54166700000000001                0
  0.55184299999999997       0.52266100000000004                0
  0.54723500000000003       0.51096500000000000                0
  0.54723500000000003       0.50804099999999996                0
  0.59331800000000001       0.51681299999999997                0
  0.66935500000000003       0.52266100000000004                0
  0.67396299999999998       0.52412300000000001                0
  0.66244199999999998       0.56652000000000002                0
  0.66244199999999998       0.56652000000000002                0
  0.64170499999999997       0.53581900000000005                0
  0.66474699999999998       0.51681299999999997                0
  0.57949300000000004       0.56213500000000005                0
  0.54493100000000005       0.57090600000000002                0
  0.54723500000000003       0.57821599999999995                0
  0.60483900000000002       0.59575999999999996                0
  0.65092200000000000       0.59575999999999996                0
  0.38824900000000001       0.64546800000000004                0
  0.36981599999999998       0.69371300000000002                0
  0.31221199999999999       0.70687100000000003                0
  0.31221199999999999       0.72880100000000003                1
  0.27304099999999998       0.71271899999999999                1
  0.30530000000000002       0.74049699999999996                1
  0.31221199999999999       0.75365499999999996                1
  0.25460800000000000       0.75657900000000000                1
  0.28917100000000001       0.74195900000000004                1
  0.27304099999999998       0.71710499999999999                1
  0.29608299999999999       0.68786499999999995                1
  0.34447000000000000       0.66593599999999997                1
  0.36751200000000001       0.65131600000000001                1
  0.39285700000000001       0.65277799999999997                1
  0.38824900000000001       0.60891799999999996                1
  0.40668199999999999       0.59137399999999996                1
  0.39055299999999998       0.56359599999999999                1
  0.40207399999999999       0.54166700000000001                1
  0.35829499999999997       0.54312899999999997                1
  0.33986200000000000       0.61184200000000000                1
  0.35138200000000003       0.68932700000000002                1
  0.30530000000000002       0.73318700000000003                1
  0.24078300000000000       0.74926899999999996                1
  0.28225800000000001       0.76535100000000000                1
  0.48732700000000001       0.66739800000000005                1
  0.51958499999999996       0.67763200000000001                1
  0.58640599999999998       0.68640400000000001                1
  0.63479300000000005       0.71271899999999999                1
  0.64861800000000003       0.72880100000000003                1
  0.66474699999999998       0.73026300000000000                1
  0.69930899999999996       0.70102299999999995                1
  0.75230399999999997       0.63377200000000000                1
  0.78456199999999998       0.55190099999999997                1
  0.80299500000000001       0.53874299999999997                1
  0.83064499999999997       0.53289500000000001                1
  0.60944699999999996       0.81652000000000002                1
  0.61175100000000004       0.78581900000000005                1
  0.57488499999999998       0.75657900000000000                1
  0.54493100000000005       0.72733899999999996                1
  0.55875600000000003       0.71856699999999996                1
  0.58870999999999996       0.72295299999999996                1
  0.59562199999999998       0.73318700000000003                1
  0.60253500000000004       0.75219300000000000                1
  0.57027600000000001       0.76535100000000000                1
  0.56336399999999998       0.77704700000000004                1
  0.57718899999999995       0.79605300000000001                1
  0.60023000000000004       0.81359599999999999                1
  0.61866399999999999       0.82529200000000003                1
  0.64631300000000003       0.79605300000000001                1
  0.63709700000000002       0.76535100000000000                1
  0.64861800000000003       0.73903500000000000                0
  0.65092200000000000       0.74342100000000000                0
  0.66013800000000000       0.74195900000000004                0
  0.66013800000000000       0.74049699999999996                0
  0.66935500000000003       0.75219300000000000                0
  0.63479300000000005       0.78289500000000001                0
  0.60253500000000004       0.77558499999999997                0
  0.60483900000000002       0.77119899999999997                0
  0.61635899999999999       0.75511700000000004                0
  0.65783400000000003       0.74780700000000000                0
  0.68087600000000004       0.74049699999999996                0
  0.69700499999999999       0.70540899999999995                0
  0.70852499999999996       0.67470799999999997                0
  0.73617500000000002       0.64400599999999997                0
  0.16474700000000000       0.81213500000000005                0
  0.15092200000000000       0.84722200000000003                0
  0.14170500000000000       0.81652000000000002                0
  0.13479300000000000       0.84575999999999996                0
  0.12787999999999999       0.87792400000000004                0
   8.4101400000000007E-002  0.86038000000000003                0
   6.7972400000000002E-002  0.82675399999999999                0
  0.12327200000000001       0.79020500000000005                0
   8.1797200000000000E-002  0.80190099999999997                0
  0.13709700000000000       0.76096500000000000                0
  0.13709700000000000       0.71271899999999999                0
  0.15092200000000000       0.74926899999999996                0
  0.14861800000000000       0.67324600000000001                0
  0.21313399999999999       0.62938600000000000                0
  0.14170500000000000       0.59575999999999996                0
  0.16935500000000001       0.62646199999999996                0
   7.7188900000000005E-002  0.62353800000000004                0
   5.6451599999999998E-002  0.68494200000000005                0
   8.6405499999999996E-002  0.74049699999999996                0
   7.0276500000000006E-002  0.76535100000000000                0
   6.3364100000000007E-002  0.82090600000000002                0
   5.4147500000000001E-002  0.76242699999999997                0
   5.1843300000000002E-002  0.69517499999999999                0
   8.1797200000000000E-002  0.64839199999999997                0
  0.15322600000000000       0.59429799999999999                0
  0.20852499999999999       0.58260199999999995                0
  0.72926299999999999       0.69225099999999995                0
  0.80530000000000002       0.69225099999999995                0
  0.82834099999999999       0.69225099999999995                0
  0.85599099999999995       0.68932700000000002                0
  0.92741899999999999       0.67470799999999997                0
  0.97580599999999995       0.64839199999999997                0
  0.98041500000000004       0.63669600000000004                0
  0.89976999999999996       0.62938600000000000                0
  0.87212000000000001       0.62061400000000000                0
  0.84907800000000000       0.64400599999999997                0
  0.81451600000000002       0.65424000000000004                0
  0.78456199999999998       0.67324600000000001                0
  0.77534599999999998       0.68494200000000005                0
  0.77534599999999998       0.68640400000000001                0
  0.74539200000000005       0.69225099999999995                0
  0.80990799999999996       0.67178400000000005                0
  0.85829500000000003       0.67909399999999998                0
  0.86290299999999998       0.66154999999999997                0
  0.92281100000000005       0.65716399999999997                0
  0.94124399999999997       0.63815800000000000                0
  0.98963100000000004       0.63815800000000000                0
  0.98732699999999995       0.64693000000000001                0
  0.91820299999999999       0.67909399999999998                0
  0.84216599999999997       0.67324600000000001                0
  0.80990799999999996       0.65862600000000004                1
  0.72695900000000002       0.70248500000000003                1
  0.69009200000000004       0.70394699999999999                1
  0.69009200000000004       0.72587699999999999                1
  0.57949300000000004       0.73757300000000003                1
  0.47350199999999998       0.68932700000000002                1
  0.43433200000000000       0.67470799999999997                1
  0.25000000000000000       0.68786499999999995                1
  0.22465399999999999       0.72295299999999996                1
  0.18087600000000001       0.69371300000000002                1
  0.11866400000000001       0.57236799999999999                1
  0.16474700000000000       0.54605300000000001                1
  0.17165900000000001       0.52997099999999997                1
  0.15553000000000000       0.49195899999999998                1
  0.13248799999999999       0.54868399999999995                1
  0.12557599999999999       0.58757300000000001                1
  0.17857100000000001       0.57529200000000003                1
  0.22234999999999999       0.54254400000000003                1
  0.22926299999999999       0.56710499999999997                1
  0.20161299999999999       0.62236800000000003                1
  0.17396300000000001       0.62032200000000004                1
  0.14170500000000000       0.53640399999999999                1
  0.13709700000000000       0.50979500000000000                1
   7.7188900000000005E-002  0.57733900000000005                1
   7.4884800000000001E-002  0.59575999999999996                1
  0.13248799999999999       0.56915199999999999                1
  0.19239600000000001       0.54049700000000001                0
   7.4884800000000001E-002  0.54868399999999995                0
  0.11635900000000000       0.54459100000000005                0
  0.12557599999999999       0.67967800000000000                0
   9.1013800000000006E-002  0.76973700000000000                0
  0.15092200000000000       0.86184200000000000                0
  0.20391699999999999       0.92733900000000002                0
  0.26612900000000000       0.93347999999999998                0
  0.32142900000000002       0.93962000000000001                0
  0.50575999999999999       0.85175400000000001                0
  0.48271900000000001       0.81842099999999995                0
  0.50806499999999999       0.81315800000000005                0
  0.48502299999999998       0.79561400000000004                0
  0.47811100000000001       0.77280700000000002                0
  0.47811100000000001       0.74649100000000002                0
  0.45967700000000000       0.74649100000000002                0
  0.45967700000000000       0.76228099999999999                0
  0.47811100000000001       0.78684200000000004                0
  0.45967700000000000       0.80613999999999997                0
  0.46198200000000000       0.83245599999999997                0
  0.47350199999999998       0.87456100000000003                0
  0.47580600000000001       0.91140399999999999                0
  0.44815700000000003       0.90087700000000004                0
  0.49654399999999999       0.85701799999999995                0
  0.51497700000000002       0.81842099999999995                0
  0.47811100000000001       0.77280700000000002                0
  0.47580600000000001       0.73070199999999996                0
  0.43663600000000002       0.75350899999999998                0
  0.46889399999999998       0.76403500000000002                0
  0.38364100000000001       0.48508800000000002                0
  0.35368699999999997       0.47105300000000000                0
  0.36981599999999998       0.45175399999999999                0
  0.35599100000000000       0.43596499999999999                0
  0.34447000000000000       0.42193000000000003                1
  0.34907800000000000       0.41140399999999999                1
  0.38133600000000001       0.42894700000000002                1
  0.38133600000000001       0.45526299999999997                1
  0.37903199999999998       0.49210500000000001                1
  0.38594499999999998       0.51491200000000004                1
  0.41589900000000002       0.53596500000000002                1
  0.41359400000000002       0.51666699999999999                1
  0.40437800000000002       0.50087700000000002                1
  0.41128999999999999       0.47456100000000001                1
  0.40437800000000002       0.45000000000000001                1
  0.39516099999999998       0.43421100000000001                1
  0.39746500000000001       0.42368400000000001                1
  0.40898600000000002       0.41666700000000001                1
  0.78917099999999996       0.52368400000000004                1
  0.80760399999999999       0.48859599999999997                1
  0.80530000000000002       0.47806999999999999                1
  0.78456199999999998       0.44122800000000001                1
  0.78225800000000001       0.42543900000000001                1
  0.83064499999999997       0.42193000000000003                1
  0.83986200000000000       0.44122800000000001                1
  0.82373300000000005       0.46578900000000001                1
  0.83986200000000000       0.49912299999999998                1
  0.83986200000000000       0.52193000000000001                1
  0.83294900000000005       0.55350900000000003                1
  0.84216599999999997       0.57456099999999999                1
  0.86059900000000000       0.58684199999999997                1
  0.81221200000000005       0.51140399999999997                1
  0.79838699999999996       0.50263199999999997                1
  0.80299500000000001       0.47631600000000002                1
  0.77534599999999998       0.42894700000000002                1
  0.73617500000000002       0.41666700000000001                1
  0.78225800000000001       0.46929799999999999                1
  0.78225800000000001       0.46052599999999999                1
  0.75921700000000003       0.45000000000000001                1
  0.74539200000000005       0.45175399999999999                1
  0.74078299999999997       0.44649100000000003                1
  0.73387100000000005       0.43947399999999998                1
  0.69930899999999996       0.44824599999999998                1
  0.69700499999999999       0.46578900000000001                1
  0.69239600000000001       0.46578900000000001                1
  0.67626699999999995       0.46403499999999998                1
  0.65783400000000003       0.45877200000000001                1
  0.65783400000000003       0.45877200000000001                1
  0.64400900000000005       0.45526299999999997                1
  0.64861800000000003       0.43771900000000002                1
  0.61866399999999999       0.42368400000000001                0
  0.55875600000000003       0.41491200000000000                0
  0.55414699999999995       0.41666700000000001                0
  0.59101400000000004       0.44122800000000001                0
  0.60944699999999996       0.44824599999999998                0
  0.62096799999999996       0.47105300000000000                0
  0.62787999999999999       0.47806999999999999                0
  0.64400900000000005       0.47806999999999999                0
  0.66244199999999998       0.47456100000000001                0
  0.68087600000000004       0.47456100000000001                0
  0.63248800000000005       0.47456100000000001                0
  0.58870999999999996       0.45175399999999999                0
  0.58179700000000001       0.43245600000000001                0
  0.57027600000000001       0.41140399999999999                0
  0.55875600000000003       0.40614000000000000                0
  0.55414699999999995       0.49912299999999998                0
  0.51497700000000002       0.51666699999999999                0
  0.51036899999999996       0.50438600000000000                0
  0.51728099999999999       0.49561400000000000                0
  0.55414699999999995       0.49035099999999998                0
  0.55414699999999995       0.47631600000000002                0
  0.54032300000000000       0.47280699999999998                0
  0.52880199999999999       0.48684200000000000                0
  0.50345600000000001       0.48508800000000002                0
  0.49193500000000001       0.46578900000000001                0
  0.51728099999999999       0.46228100000000000                0
  0.52649800000000002       0.45877200000000001                0
  0.54032300000000000       0.43947399999999998                0
  0.51728099999999999       0.43596499999999999                0
  0.49654399999999999       0.42193000000000003                0
  0.48963099999999998       0.41842099999999999                0
  0.47350199999999998       0.41666700000000001                0
  0.48732700000000001       0.44824599999999998                0
  0.50806499999999999       0.45000000000000001                0
  0.51497700000000002       0.48859599999999997                0
  0.45046100000000000       0.45526299999999997                0
  0.47580600000000001       0.43596499999999999                0
  0.47350199999999998       0.42017500000000002                0
  0.45737299999999997       0.41140399999999999                0
  0.45046100000000000       0.40964899999999999                0
  0.48732700000000001       0.45877200000000001                0
  0.53341000000000005       0.53596500000000002                0
  0.53801800000000000       0.57280699999999996                0
  0.52880199999999999       0.53596500000000002                0
  0.51267300000000005       0.49912299999999998                0
  0.18548400000000001       0.51140399999999997                0
  0.20852499999999999       0.52719300000000002                0
  0.19009200000000001       0.52017500000000005                0
  0.18778800000000001       0.49736799999999998                0
  0.19009200000000001       0.47982500000000000                0
  0.19700500000000001       0.45000000000000001                0
  0.19470000000000001       0.42719299999999999                0
  0.17626700000000001       0.40789500000000001                0
  0.14631300000000000       0.40263199999999999                0
  0.13248799999999999       0.44122800000000001                0
  0.15783400000000000       0.46403499999999998                0
  0.16474700000000000       0.46403499999999998                0
  0.11866400000000001       0.48859599999999997                0
  0.12787999999999999       0.50964900000000002                0
  0.16013800000000000       0.46754400000000002                0
  0.17396300000000001       0.43245600000000001                0
  0.15783400000000000       0.42543900000000001                0
  0.18318000000000001       0.42017500000000002                0
  0.20622099999999999       0.47982500000000000                0
  0.21543799999999999       0.51666699999999999                0
  0.22695899999999999       0.53245600000000004                1
  0.11635900000000000       0.52543899999999999                1
  0.11635900000000000       0.48508800000000002                1
  0.13709700000000000       0.45526299999999997                1
  0.10023000000000000       0.44473699999999999                1
  0.21313399999999999       0.48333300000000001                1
  0.26152100000000000       0.53596500000000002                1
  0.25230399999999997       0.55350900000000003                1
  0.71082900000000004       0.98157899999999998                1
  0.66244199999999998       0.96929799999999999                1
  0.69469999999999998       0.98684200000000000                1
  0.71543800000000002       0.95877199999999996                1
  0.37212000000000001       0.98859600000000003                1
  0.37442399999999998       0.96754399999999996                1
  0.41589900000000002       0.97105300000000006                1
  0.22695899999999999       0.79210499999999995                1
  0.24769600000000000       0.83421100000000004                1
  0.27304099999999998       0.85877199999999998                1
  0.29147499999999998       0.86228099999999996                1
  0.22234999999999999       0.81315800000000005                1
  0.22465399999999999       0.79736799999999997                1
  0.20391699999999999       0.77456100000000006                1
  0.18548400000000001       0.75526300000000002                1
  0.20622099999999999       0.72894700000000001                1
  0.24539200000000000       0.72368399999999999                1
  0.22234999999999999       0.70613999999999999                1
  0.22695899999999999       0.69561399999999995                1
  0.25921699999999998       0.68157900000000005                1
  0.22465399999999999       0.66052599999999995                1
  0.20391699999999999       0.64824599999999999                1
  0.19930899999999999       0.65526300000000004                1
  0.23387100000000000       0.69736799999999999                1
  0.25691199999999997       0.72719299999999998                1
  0.25460800000000000       0.66578899999999996                1
  0.26612900000000000       0.64122800000000002                1
  0.24308800000000000       0.63596500000000000                1
  0.23387100000000000       0.61842100000000000                1
  0.24078300000000000       0.61315799999999998                1
  0.27304099999999998       0.62543899999999997                1
  0.28917100000000001       0.62543899999999997                1
  0.30299500000000001       0.61491200000000001                1
  0.31912400000000002       0.60087699999999999                1
  0.33755800000000002       0.58508800000000005                1
  0.36290299999999998       0.54824600000000001                1
  0.37442399999999998       0.52894699999999994                1
  0.60483900000000002       0.84473699999999996                1
  0.57027600000000001       0.81666700000000003                1
  0.56336399999999998       0.80438600000000005                1
  0.62327200000000005       0.81491199999999997                1
  0.66474699999999998       0.80438600000000005                1
  0.66474699999999998       0.78333299999999995                1
  0.68778799999999995       0.74824599999999997                1
  0.71774199999999999       0.71666700000000005                1
  0.73847900000000000       0.70263200000000003                1
  0.74078299999999997       0.73596499999999998                1
  0.71082900000000004       0.73771900000000001                1
  0.68548399999999998       0.76578900000000005                1
  0.68318000000000001       0.77631600000000001                1
  0.68778799999999995       0.80263200000000001                1
  0.68778799999999995       0.82017499999999999                1
  0.66935500000000003       0.83771899999999999                1
  0.65552999999999995       0.84473699999999996                1
  0.63940100000000000       0.81842099999999995                1
  0.63940100000000000       0.83947400000000005                1
  0.58410099999999998       0.83947400000000005                1
  0.56336399999999998       0.79736799999999997                0
  0.54723500000000003       0.77280700000000002                0
  0.56797200000000003       0.84298200000000001                0
  0.58179700000000001       0.86929800000000002                0
  0.59562199999999998       0.87105299999999997                0
  0.62557600000000002       0.86929800000000002                0
  0.64861800000000003       0.85701799999999995                0
  0.63709700000000002       0.83947400000000005                0
  0.64170499999999997       0.80438600000000005                0
  0.66705099999999995       0.85701799999999995                0
  0.70622099999999999       0.82193000000000005                0
