  0.35293300653594817       0.25078431372549093       0.18294117647058869     
  0.97664090609099818       0.89985735879585438       0.71465798045602436     
  0.57940165757024331       0.48544909372683798       0.42692204029378095     
  0.57178481649069912       0.59149321266968302       0.67371208312384745     
  0.34225382460676629       0.37299719887955202       0.45703081232493065     
  0.93475798535075527       0.80951949457574823       0.57338468121523289     
  0.64140297892785958       0.46471732216807426       0.20315738897659483     
  0.76270138113048613       0.66232088211006779       0.48255695341720523     
  0.77968546355026425       0.74735134822023286       0.77233469458684345     
  0.46456403838130961       0.35325823946599932       0.24909052982895377     
   7.9794259311728469E-002   8.6450319290370004E-002   7.6090636328633776E-002
  0.80838799870953826       0.57864286482417393       0.27955335699179212     
  0.23109674639086475       0.23033397974574507       0.23527257056668877     
  0.97254901960784745       0.96051719238420297       0.85629440181869987     
  0.14176082540117460       0.14759067771462572       0.13866328836540553     
  0.89070418865220835       0.70552081297635405       0.41942218747964272     
