 -0.51805349786525778       -1.5767841559517526     
  -1.0474188269085052       -1.0474188269085054     

  0.45915360595049159       0.83189933505062230     
  0.64552647050055689       0.64552647050055711     

  -1.1368513774451321      -0.57729786929943727     
 -0.85707462337228457      -0.85707462337228479     

  -1.0434599551316641       -1.2579464678480996     
  -1.1507032114898819       -1.1507032114898821     

 -0.97413175437487276      -0.80837708818877263     
 -0.89125442128182253      -0.89125442128182286     

  -8.4048701035784934E-002   1.4515963741851763     
  0.68377383657469570       0.68377383657469593     

 -0.43771371965076605       -1.3386229017739089     
 -0.88816831071233759      -0.88816831071233782     

   1.6384922277708784        1.6395836692706662     
   1.6390379485207722        1.6390379485207727     

  -5.1465253806872759E-002   9.3453227768963393E-002
   2.0993986981045324E-002   2.0993986981045331E-002

  0.48810377215209588       0.60630127442419302     
  0.54720252328814445       0.54720252328814467     

  0.49853499067422596       0.38581379641324454     
  0.44217439354373517       0.44217439354373533     

  0.32604603907485236       0.44787586136011232     
  0.38696095021748228       0.38696095021748239     

  0.17256605692869398       -4.7011817599177184E-002
   6.2777119664758380E-002   6.2777119664758407E-002

   1.0697071645710330      -0.33351141847717874     
  0.36809787304692698       0.36809787304692709     

 -0.98327024870794666       -1.2065461256592995     
  -1.0949081871836230       -1.0949081871836233     

   1.4031836049349224        1.2793615194688515     
   1.3412725622018868        1.3412725622018873     

  0.59423251263918364       0.64728377513598279     
  0.62075814388758310       0.62075814388758332     

 -0.97076168465346968      -0.36774156675725933     
 -0.66925162570536445      -0.66925162570536467     

  0.95553650712889138        2.3064030002478066     
   1.6309697536883492        1.6309697536883496     

   1.0172614764404693      -0.34814740260641808     
  0.33455703691702549       0.33455703691702560     

   1.4646118520051274        1.6398488812475263     
   1.5522303666263266        1.5522303666263271     

 -0.34915880082090217      -0.19545005818190339     
 -0.27230442950140277      -0.27230442950140282     

   1.4066856213007346        1.0920672228294184     
   1.2493764220650765        1.2493764220650767     

  0.23375239613429100      -0.30620921246095451     
  -3.6228408163331796E-002  -3.6228408163331810E-002

  -1.2384369438249880       -1.0927365353112735     
  -1.1655867395681307       -1.1655867395681312     

 -0.65251806581965743       -5.8871938518839907E-002
 -0.35569500216924865      -0.35569500216924876     

  0.80151979590412648       0.93043445677290881     
  0.86597712633851753       0.86597712633851787     

   1.5376092998631878       0.10317216894913142     
  0.82039073440615962       0.82039073440615984     

 -0.99946048900231121      -0.17964311363445551     
 -0.58955180131838325      -0.58955180131838336     

  -8.5623928122443405E-002   9.5328364973126453E-002
   4.8522184253415443E-003   4.8522184253415460E-003

 -0.55072770849532227       0.86984642791613231     
  0.15955935971040516       0.15955935971040522     

   1.6115843276054491       0.50674892377113256     
   1.0591666256882908        1.0591666256882912     

 -0.75473869468962462       -1.1194984581561571     
 -0.93711857642289098      -0.93711857642289120     

   1.1442313079065884      -0.31469713895978785     
  0.41476708447340016       0.41476708447340033     

 -0.52328413632480408      -0.42742232285361076     
 -0.47535322958920739      -0.47535322958920750     

  0.67125327607821961        1.2229187297730608     
  0.94708600292564016       0.94708600292564049     

  -1.1197468793801895       -1.2427460459529127     
  -1.1812464626665511       -1.1812464626665513     

   1.2881049213410853       0.66119810166626125     
  0.97465151150367324       0.97465151150367357     

  -1.8687765232316838       -1.7151198545957980     
  -1.7919481889137410       -1.7919481889137416     

  0.28408801207739137       0.10582181658487105     
  0.19495491433113121       0.19495491433113127     

  0.36804842053612413       0.99943927723825410     
  0.68374384888718920       0.68374384888718931     

 -0.69047907620228877      -0.55300100491282445     
 -0.62174004055755661      -0.62174004055755683     

 -0.81473432582540906       -1.0005914471016042     
 -0.90766288646350668      -0.90766288646350690     

  0.52860744500973222       0.85692738403042790     
  0.69276741452008006       0.69276741452008028     

 -0.87419697878861702       -1.6636159466512417     
  -1.2689064627199294       -1.2689064627199298     

  -1.4920764561877090E-002  0.39566975042737923     
  0.19037449293275113       0.19037449293275119     

  -2.3946398493773926       -2.0755282546920246     
  -2.2350840520347086       -2.2350840520347095     

  -1.7648991788415453        6.6711072215701356E-002
 -0.84909405331292187      -0.84909405331292209     

  -2.8999969367911882E-002 -0.48610022356638427     
 -0.25755009646714810      -0.25755009646714822     

  0.96218387132094796        1.0575139579900998     
   1.0098489146555238        1.0098489146555243     

