  -1.0474188269085052       -1.0474188269085054     
  0.64552647050055689       0.64552647050055711     
 -0.85707462337228457      -0.85707462337228479     
  -1.1507032114898819       -1.1507032114898821     
 -0.89125442128182253      -0.89125442128182286     
  0.68377383657469570       0.68377383657469593     
 -0.88816831071233759      -0.88816831071233782     
   1.6390379485207722        1.6390379485207727     
   2.0993986981045324E-002   2.0993986981045331E-002
  0.54720252328814445       0.54720252328814467     
  0.44217439354373517       0.44217439354373533     
  0.38696095021748228       0.38696095021748239     
   6.2777119664758380E-002   6.2777119664758407E-002
  0.36809787304692698       0.36809787304692709     
  -1.0949081871836230       -1.0949081871836233     
   1.3412725622018868        1.3412725622018873     
  0.62075814388758310       0.62075814388758332     
 -0.66925162570536445      -0.66925162570536467     
   1.6309697536883492        1.6309697536883496     
  0.33455703691702549       0.33455703691702560     
   1.5522303666263266        1.5522303666263271     
 -0.27230442950140277      -0.27230442950140282     
   1.2493764220650765        1.2493764220650767     
  -3.6228408163331796E-002  -3.6228408163331810E-002
  -1.1655867395681307       -1.1655867395681312     
 -0.35569500216924865      -0.35569500216924876     
  0.86597712633851753       0.86597712633851787     
  0.82039073440615962       0.82039073440615984     
 -0.58955180131838325      -0.58955180131838336     
   4.8522184253415443E-003   4.8522184253415460E-003
  0.15955935971040516       0.15955935971040522     
   1.0591666256882908        1.0591666256882912     
 -0.93711857642289098      -0.93711857642289120     
  0.41476708447340016       0.41476708447340033     
 -0.47535322958920739      -0.47535322958920750     
  0.94708600292564016       0.94708600292564049     
  -1.1812464626665511       -1.1812464626665513     
  0.97465151150367324       0.97465151150367357     
  -1.7919481889137410       -1.7919481889137416     
  0.19495491433113121       0.19495491433113127     
  0.68374384888718920       0.68374384888718931     
 -0.62174004055755661      -0.62174004055755683     
 -0.90766288646350668      -0.90766288646350690     
  0.69276741452008006       0.69276741452008028     
  -1.2689064627199294       -1.2689064627199298     
  0.19037449293275113       0.19037449293275119     
  -2.2350840520347086       -2.2350840520347095     
 -0.84909405331292187      -0.84909405331292209     
 -0.25755009646714810      -0.25755009646714822     
   1.0098489146555238        1.0098489146555243     
