   0.0000000000000000        0.0000000000000000     
   1.4993104049881518        2.5984742272137824     

 -0.40000000596046448      -0.200000003    
  0.85000002384185791      -0.200000003    
  0.85000002384185791       0.250000000    
 -0.40000000596046448       0.250000000    
 -0.40000000596046448      -0.250000000    

  -9.9999997764825821E-003 -0.500000000    
   1.9999999552965164E-002 -0.500000000    
   1.9999999552965164E-002  0.250000000    
  -9.9999997764825821E-003  0.250000000    
  -9.9999997764825821E-003 -0.500000000    
