   6.11009979       17.5919991    
   5.52769995       9.13020039    
   8.51860046       13.6619997    
   7.00320005       11.8540001    
   5.85979986       6.82329988    
   8.38290024       11.8859997    
   7.47639990       4.34829998    
   8.57810020       12.0000000    
   6.48619986       6.59870005    
   5.05459976       3.81660008    
   5.71070004       3.25219989    
   14.1639996       15.5050001    
   5.73400021       3.15510011    
   8.40839958       7.22580004    
   5.64069986      0.716180027    
   5.37939978       3.51290011    
   6.36539984       5.30480003    
   5.13009977      0.560769975    
   6.42959976       3.65179992    
   7.07079983       5.38929987    
   6.18909979       3.13860011    
   20.2700005       21.7670002    
   5.49009991       4.26300001    
   6.32609987       5.18750000    
   5.56489992       3.08249998    
   18.9449997       22.6380005    
   12.8280001       13.5010004    
   10.9569998       7.04670000    
   13.1759996       14.6920004    
   22.2029991       24.1469994    
   5.25239992      -1.22000003    
   6.58939981       5.99660015    
   9.24820042       12.1339998    
   5.89179993       1.84949994    
   8.21109962       6.54260015    
   7.93340015       4.56230021    
   8.09589958       4.11639977    
   5.60629988       3.39280009    
   12.8360004       10.1169996    
   6.35340023       5.49739981    
   5.40689993      0.556569993    
   6.88250017       3.91149998    
   11.7080002       5.38539982    
   5.77370024       2.44059992    
   7.82469988       6.73180008    
   7.09310007       1.04630005    
   5.07019997       5.13369989    
   5.80140018       1.84399998    
   11.6999998       8.00430012    
   5.54160023       1.01789999    
   7.54020023       6.75040007    
   5.30770016       1.83959997    
   7.42390013       4.28849983    
   7.60309982       4.99809980    
   6.33279991       1.42330003    
   6.35890007      -1.42110002    
   6.27419996       2.47560000    
   5.63969994       4.60419989    
   9.31019974       3.96239996    
   9.45359993       5.41410017    
   8.82540035       5.16940022    
   5.17929983     -0.742789984    
   21.2789993       17.9290009    
   14.9080000       12.0539999    
   18.9589996       17.0540009    
   7.21820021       4.88520002    
   8.29510021       5.74420023    
   10.2360001       7.77540016    
   5.49940014       1.01730001    
   20.3409996       20.9920006    
   10.1359997       6.67990017    
   7.33449984       4.02589989    
   6.00619984       1.27839994    
   7.22590017       3.34109998    
   5.02689981      -2.68070006    
   6.54790020      0.296779990    
   7.53859997       3.88450003    
   5.03649998       5.70139980    
   10.2740002       6.75260019    
   5.10769987       2.05760002    
   5.72919989      0.479530007    
   5.18839979      0.204209998    
   6.35570002      0.678610027    
   9.76869965       7.54349995    
   6.51590014       5.34359980    
   8.51720047       4.24149990    
   9.18019962       6.79809999    
   6.00199986      0.926949978    
   5.52040005      0.151999995    
   5.05940008       2.82139993    
   5.70769978       1.84510005    
   7.63660002       4.29589987    
   5.87069988       7.20289993    
   5.30539989       1.98689997    
   8.29339981      0.144539997    
   13.3940001       9.05510044    
   5.43690014      0.617049992    
